Class	FW1	FW10	FW11	FW12	FW13	FW14	FW15	FW16	FW17	FW18	FW2	FW3	FW4	FW5	FW6	FW7	FW8	FW9	RE1	RE10	RE11	RE12	RE2	RE3	RE4	RE5	RE6	RE7	RE8	RE9	SW1	SW10	SW11	SW12	SW13	SW14	SW15	SW16	SW17	SW18	SW2	SW3	SW4	SW5	SW6	SW7	SW8	SW9
Gammaproteobacteria	12.1	11	26.6	13	22.6	11.6	12.8	30.8	34.1	12.1	13.1	11.3	13.2	12.8	13.9	14.1	11.7	11	16.8	22.1	24.5	26.1	17.4	19.2	56	40.4	16.1	21.7	19.7	20.6	13.3	20.2	20.6	37.5	24.6	21	20.5	28.6	34.1	25.3	13.2	14.5	20.8	18.7	18.2	18.9	17.8	35.6
Alphaproteobacteria	14.4	14.7	16	13.9	26.5	15.9	18.1	25.4	26.1	16.8	15.7	16.9	15.3	21.3	24.6	14.2	16.7	14.7	30.4	35.2	33.6	27.8	32.6	29.2	13.3	17.5	22.6	19.8	23	22.7	36.2	35	37.5	31.3	32	32.6	29.5	36.7	27	32	32.5	31.5	24.2	24.4	26.6	31.7	31.9	26.1
Betaproteobacteria	15.5	29.1	21.5	28.7	8.1	25.6	24.7	5.51	5.45	22.9	18.2	19.7	18.4	17	11.7	29.1	26.4	35.1	7.92	8.5	8.05	9.12	8.63	7.07	4.88	7.81	10.4	18.7	18.2	17.8	5.59	10.5	10.5	4.1	5.7	6.3	6.33	4.68	4.73	4.51	6.58	6.43	8.98	8.1	8.21	7.57	7.79	7.19
Flavobacteriia	5.99	9	7.85	7.92	12.2	7.75	9.91	11.2	10.8	6.87	6.66	5.67	6.04	6.35	14.6	9.86	8.16	10.4	10.7	15.6	15.9	15.3	11.3	11.7	5.93	7.97	11.2	14.5	15.9	13.5	15.9	12.7	12.1	10.2	13.4	14.9	13	8.83	11.1	16.3	16.1	15	10.5	11.9	11.5	14.8	16.3	10.5
Sphingobacteriia	6.49	7.8	4.65	5.83	2.16	5.75	5.18	1.78	1.38	5.46	7.57	6.21	6.41	5.95	3.21	5.53	5.96	4.78	5.84	1.3	1.02	1.95	3.37	4.92	1.59	2.4	3.46	3.07	2.81	2.81	2.44	1.99	1.24	2.31	2.4	2.35	3.43	2.26	1.53	2.87	2.38	2.81	4.04	4.77	5.01	2	1.81	2.05
Actinobacteria	32.7	16.5	12.6	13.9	22.1	20.6	19.2	20.6	18	23.7	24.7	27	25.4	23.7	23.9	11.9	17.5	10.9	20.2	12.6	12.5	14.3	18.5	20.7	11.9	16.9	27.4	13	12.2	12.5	19.2	14.5	13.9	10.1	15.3	15.6	20.1	14.1	17	13.3	23.2	24.1	24.2	24.5	23.1	17.9	17.2	12.5
Deltaproteobacteria	1.72	1.29	1.1	1.45	0.721	1.29	1.1	0.692	0.509	1.38	2.15	1.88	1.87	1.83	1.32	1.26	1.38	1.06	1.08	0.811	0.781	0.828	1.11	1.01	0.551	0.883	1.36	1.66	1.66	1.73	0.762	0.785	0.625	0.715	0.955	0.994	0.929	0.737	0.696	0.764	0.703	0.881	1	1.08	1.14	0.914	0.885	0.887
Cytophagia	2.5	2.87	1.9	2.41	0.629	2.08	1.5	0.503	0.399	1.98	3.28	3.12	3.01	2.58	1.02	2.2	2.5	1.97	0.733	0.409	0.24	0.479	0.678	0.789	0.452	0.682	1.24	1.19	1.08	1.05	0.62	0.522	0.201	0.407	0.791	0.941	0.649	0.528	0.329	0.662	0.52	0.666	0.857	1.1	1.13	0.536	0.549	0.526
Clostridia	1.57	1.19	0.777	1.61	1.52	1.34	1.01	1.1	0.978	1.19	1.76	1.89	1.5	1.6	1.17	1.06	1.29	1.13	2.57	1.18	1.24	1.27	2.77	1.92	0.614	0.842	1.14	0.986	1.11	0.982	1.71	1.3	1.25	0.957	1.84	2.23	1.77	1.22	1.65	1.35	1.84	1.41	1.57	1.55	1.59	2.51	2.64	1.09
Planctomycetia	2.16	0.699	0.559	0.873	0.286	1.09	0.906	0.353	0.171	1.27	1.25	1.68	2.75	1.94	0.701	0.462	1.05	0.641	0.696	0.195	0.0838	0.175	0.329	0.657	0.247	0.458	0.844	0.185	0.246	0.436	0.251	0.345	0.105	0.138	0.269	0.396	0.781	0.415	0.228	0.24	0.23	0.283	0.762	0.746	0.799	0.212	0.279	0.343
Epsilonproteobacteria	0.331	1.34	2.09	5.72	0.748	3.02	2.51	0.271	0.316	2.13	0.859	0.719	0.916	0.738	0.838	6.11	3.26	4.87	0.581	0.505	0.592	0.888	0.723	0.329	0.32	0.772	0.653	1.59	1.47	1.67	0.466	0.226	0.312	0.635	0.273	0.24	0.345	0.185	0.14	0.637	0.542	0.242	0.483	0.851	0.397	0.279	0.253	0.826
Bacteroidia	0.0877	0.275	0.246	0.729	0.115	0.588	0.386	0.039	0.0507	0.329	0.197	0.171	0.156	0.162	0.185	1.06	0.528	0.655	0.14	0.0779	0.0935	0.17	0.199	0.0779	0.0409	0.0974	0.0546	0.232	0.242	0.195	0.164	0.0448	0.0468	0.134	0.0701	0.076	0.0857	0.0546	0.0546	0.134	0.129	0.0643	0.0896	0.208	0.115	0.0643	0.0701	0.0468
Opitutae	0.873	0.47	0.36	0.454	0.249	0.495	0.355	0.249	0.152	0.355	1.09	0.727	0.696	0.772	0.405	0.44	0.493	0.419	0.345	0.275	0.193	0.267	0.323	0.271	0.201	0.224	0.477	0.321	0.302	0.3	0.483	0.341	0.212	0.177	0.542	0.534	0.308	0.261	0.246	0.345	0.351	0.337	0.281	0.265	0.286	0.61	0.499	0.304
Chlamydiia	0.17	0.115	0.146	0.294	0.15	0.181	0.142	0.103	0.0643	0.269	0.234	0.187	0.232	0.222	0.191	0.158	0.236	0.14	0.0662	0.0487	0.0292	0.0292	0.0682	0.0468	0.0487	0.156	0.173	0.0838	0.0546	0.0565	0.0818	0.0624	0.039	0.0409	0.0624	0.0916	0.0643	0.0487	0.0565	0.0468	0.0935	0.076	0.076	0.0721	0.0565	0.0429	0.0624	0.0604
Verrucomicrobiae	0.288	1.54	1.26	0.491	0.136	0.357	0.314	0.0916	0.107	0.306	0.425	0.3	0.549	0.335	0.263	0.331	0.376	0.427	0.308	0.214	0.228	0.286	0.255	0.281	0.129	0.138	0.17	1.24	0.45	1.7	0.409	0.261	0.158	0.113	0.193	0.173	0.546	0.205	0.191	0.121	0.22	0.191	0.216	0.23	0.244	0.38	0.345	0.339
Bacilli	0.333	0.263	0.719	0.446	0.302	0.351	0.234	0.107	0.454	0.485	0.343	0.228	0.286	0.302	0.234	0.224	0.29	0.207	0.399	0.076	0.0721	0.123	0.417	0.47	2.84	1.27	0.44	0.105	0.117	0.125	0.111	0.321	0.308	0.321	0.121	0.146	0.138	0.158	0.101	0.117	0.117	0.179	0.711	0.277	0.382	0.36	0.368	0.316
Subdivision3	0.832	0.396	0.29	0.401	0.304	0.417	0.351	0.232	0.183	0.532	0.624	0.47	0.791	0.567	0.374	0.251	0.411	0.253	0.275	0.0994	0.0838	0.0838	0.31	0.413	0.197	0.32	0.46	0.136	0.134	0.171	0.22	0.138	0.123	0.193	0.359	0.3	0.314	0.224	0.187	0.134	0.205	0.269	0.265	0.185	0.345	0.195	0.22	0.214
Gemmatimonadetes	0.345	0.22	0.255	0.279	0.123	0.234	0.15	0.132	0.0331	0.259	0.419	0.251	0.372	0.362	0.193	0.232	0.265	0.21	0.0916	0.0838	0.0546	0.0546	0.0546	0.0585	0.0253	0.142	0.234	0.15	0.166	0.183	0.0877	0.0701	0.039	0.0487	0.121	0.0935	0.127	0.0857	0.0604	0.0565	0.0662	0.0799	0.115	0.0974	0.115	0.0877	0.0896	0.0955
Anaerolineae	0.0292	0.0604	0.0292	0.109	0.0409	0.0585	0.0682	0.0273	0.0351	0.0429	0.0487	0.0487	0.0429	0.0546	0.0916	0.0916	0.0818	0.0779	0.0624	0.0643	0.0273	0.0799	0.076	0.0565	0.0351	0.0604	0.0877	0.121	0.127	0.203	0.0409	0.0701	0.0546	0.0487	0.037	0.0507	0.0604	0.0292	0.0507	0.0643	0.0448	0.0448	0.0526	0.0701	0.0487	0.0546	0.0312	0.0799
Mollicutes	0.123	0.242	0.16	0.218	0.489	0.353	0.242	0.362	0.366	0.183	0.257	0.212	0.17	0.171	0.323	0.275	0.339	0.162	0.452	0.347	0.376	0.323	0.364	0.335	0.261	0.284	0.288	0.405	0.325	0.351	1.58	0.339	0.399	0.283	0.699	0.664	0.477	0.442	0.384	0.705	0.573	0.549	0.226	0.234	0.195	0.61	0.571	0.364
Spartobacteria	0.863	0.472	0.501	0.46	0.273	0.431	0.392	0.234	0.183	0.953	0.53	0.744	1.25	0.826	0.386	0.267	0.514	0.267	0.17	0.103	0.076	0.164	0.103	0.197	0.246	0.433	0.824	0.244	0.175	0.333	0.113	0.132	0.0624	0.074	0.125	0.109	0.224	0.123	0.0624	0.076	0.15	0.226	0.39	0.29	0.298	0.0916	0.123	0.154
Acidobacteria_Gp4	0.0546	0.111	0.0604	0.0994	0.0526	0.0507	0.0604	0.0331	0.00779	0.0468	0.074	0.0468	0.0468	0.0429	0.0331	0.0546	0.0585	0.0468	0.00779	0.0136	0.0195	0.0409	0.0351	0.0195	0.0312	0.0409	0.037	0.0565	0.0701	0.0877	0.0156	0.0156	0.0039	0.00195	0.0117	0.0136	0.0273	0.00974	0.00779	0.0156	0.0156	0.0487	0.0175	0.0273	0.0312	0.0234	0.0117	0.0195
Fusobacteriia	0.0195	0.0682	0.0624	0.296	0.0409	0.132	0.123	0	0.00974	0.154	0.0448	0.0312	0.0312	0.0468	0.0585	0.382	0.138	0.205	0.0136	0.0234	0.039	0.0429	0.0526	0.0234	0.00195	0.0351	0.00195	0.0273	0.0253	0.037	0.0214	0.0156	0.0136	0.0195	0.00585	0.00195	0.00195	0.00585	0.00585	0.0312	0.0253	0.00779	0.0292	0.0565	0.0351	0.0175	0.00779	0.0117
Nitrospira	0.0312	0.037	0.0273	0.039	0.0234	0.0292	0.0214	0.0175	0.00974	0.0507	0.0546	0.0312	0.037	0.0507	0.0292	0.039	0.0682	0.0351	0.00974	0.0273	0.0117	0.0331	0.0175	0.0292	0.00585	0.0351	0.0565	0.0721	0.076	0.0526	0.0156	0.0175	0.0195	0.0234	0.0351	0.0273	0.0214	0.0117	0.0136	0.0175	0.0117	0.00779	0.0214	0.0234	0.00779	0.0234	0.0195	0.0487
Acidobacteria_Gp6	0.0662	0.0312	0.0175	0.039	0.0039	0.0487	0.0292	0.0253	0.0156	0.0468	0.0351	0.0312	0.0585	0.0429	0.0312	0.0331	0.0195	0.0195	0.0214	0.0039	0.00585	0.0039	0.0175	0.0292	0.00585	0.0175	0.0448	0.00974	0.00195	0.00974	0.00974	0.0156	0	0.0156	0.0136	0.00974	0.0526	0.0234	0.0039	0.0253	0.00779	0.0234	0.0156	0.0117	0.0273	0.0156	0.0214	0.0136
Subdivision5	0.0273	0.0292	0.0214	0.0292	0.0234	0.0175	0.0448	0.00585	0.0195	0.0507	0.0156	0.00195	0.037	0.0214	0.0253	0.0234	0.0331	0.0234	0.0195	0.00585	0.00195	0.0117	0.0253	0.0292	0.0214	0.0195	0.00779	0.00195	0	0.0156	0.00779	0.0039	0.00779	0.00779	0.00779	0.00779	0.0117	0.0136	0.00974	0.0117	0.0214	0.0448	0.0468	0.0292	0.0429	0.0156	0	0.00974
Phycisphaerae	0.127	0.0214	0.0214	0.037	0.00974	0.0429	0.0039	0.037	0.0039	0.0331	0.0507	0.111	0.0701	0.0292	0.037	0.0156	0.037	0.0195	0.0175	0.00195	0.00585	0.00585	0.0136	0.0117	0.00779	0.0292	0.0507	0.0156	0.00974	0.0136	0.00779	0.00195	0.0039	0.0039	0.0117	0.037	0.0039	0	0.0117	0	0.00974	0.0136	0.0156	0.0156	0.037	0.00974	0.00779	0.0175
Lentisphaeria	0	0.00195	0	0	0.00974	0.0039	0	0.0117	0.00195	0.00195	0.0039	0.0039	0.00585	0.00779	0.0214	0.00585	0	0.00195	0.0136	0.0565	0.0838	0.0585	0.00974	0.00779	0.0039	0.00779	0.0039	0.0292	0.0175	0.0273	0.0156	0.0273	0.0156	0.0195	0.0156	0.0175	0.0117	0.00974	0.0156	0.0136	0.0253	0.00779	0	0	0	0.0701	0.037	0.0487
Deinococci	0.0331	0.0312	0.0214	0.0292	0.0273	0.0292	0.0487	0.0117	0.0253	0.0312	0.0253	0.0292	0.0409	0.0195	0.0273	0.0448	0.0292	0.0312	0.0818	0.0117	0.00974	0.0195	0.0701	0.0818	0.0273	0.0214	0.0331	0.00779	0.0039	0.0117	0.0331	0.0195	0.0195	0.0234	0.0253	0.039	0.0585	0.0292	0.0214	0.0273	0.0117	0.0331	0.0487	0.0779	0.0701	0.0117	0.0175	0.0234
Negativicutes	0	0.0117	0.00585	0.0273	0.0039	0.00585	0.037	0.00195	0.00195	0.0195	0.00779	0.0039	0.00779	0.0117	0.0136	0.0273	0.00585	0.0195	0	0.00195	0	0	0.00779	0	0.00195	0.0156	0.00195	0.00195	0.0039	0.0195	0.0039	0	0.00195	0.00779	0	0.00195	0	0	0	0.00195	0.00779	0.0039	0.00195	0.00195	0.00195	0.00195	0.00195	0
Ignavibacteria	0.00195	0.00195	0.00195	0.0117	0.00195	0.00779	0.0117	0.00195	0	0.0039	0.0409	0.0351	0.0234	0.00195	0	0.00195	0.00585	0.00585	0.00195	0.0409	0.0234	0.0351	0.00585	0	0.0039	0.00779	0.00585	0.156	0.152	0.125	0	0.00585	0	0.0039	0.0214	0.039	0.0253	0.00195	0.00195	0	0.0039	0	0	0.0039	0	0.0214	0.0253	0.037
Holophagae	0	0.00585	0.0136	0.0136	0.0039	0.0039	0.00779	0	0	0.00779	0	0.0039	0.0039	0.00779	0.0156	0.0234	0.0117	0.0195	0.0039	0	0	0	0.00585	0.00195	0.00195	0.00195	0.0039	0.0039	0.00195	0.0039	0.00195	0	0	0.0039	0	0	0	0	0	0.00585	0.00585	0	0	0	0.00195	0.00195	0.00195	0
Armatimonadia	0.0292	0.0838	0.0331	0.0507	0.0195	0.0214	0.0351	0.00195	0.00195	0.0234	0.0331	0.0468	0.0351	0.0273	0.0273	0.0429	0.0507	0.0662	0.00585	0.0195	0	0.0136	0.0253	0.0117	0.00195	0.0136	0.00974	0.039	0.039	0.0604	0	0.0039	0.0039	0.0136	0.00585	0.0175	0.0156	0.00195	0	0.00779	0.0117	0.0156	0.00585	0.0156	0.0195	0.00779	0.0136	0.00585
Acidobacteria_Gp3	0.129	0.0448	0.0585	0.0585	0.0214	0.0721	0.0292	0.0351	0.00195	0.0507	0.189	0.117	0.14	0.0896	0.0487	0.0507	0.0643	0.037	0.0156	0.0195	0.00585	0	0.0156	0.00585	0.00585	0.0312	0.0507	0.0448	0.0351	0.0273	0.0214	0.0117	0.00195	0.00195	0.0253	0.0507	0.0253	0.0195	0	0.0039	0.00779	0.0039	0.0117	0.0195	0.0117	0.0312	0.037	0.0331
Acidobacteria_Gp10	0.0039	0.0039	0.00195	0	0.0039	0.00195	0.0136	0.00585	0.00585	0.00195	0	0.0039	0.0156	0.00195	0.00195	0.00195	0	0.00779	0.00779	0.00195	0.0039	0.0136	0.00779	0.00779	0.00195	0.00779	0	0.0273	0.0292	0.0312	0.00195	0.00779	0.00974	0.0136	0.00974	0.00974	0.0253	0.0156	0.0039	0.0117	0.00779	0.0175	0.00195	0.0039	0.00585	0.0136	0.0136	0.0117
Chloroflexia	0.0351	0.0234	0.00974	0.0117	0.00195	0.00585	0.00779	0.00195	0	0.00195	0.0351	0.0468	0.0175	0.0117	0.0117	0.0136	0.00974	0.0175	0.00585	0	0	0	0.00195	0.00974	0	0.0039	0.00974	0.00195	0.00195	0.00195	0.00195	0.00195	0	0	0.00974	0.00195	0	0	0.00195	0.00195	0	0	0.00779	0.00585	0.00195	0.00195	0.00195	0
Cyanobacteria	0.00195	0.00585	0	0.00195	0.0156	0.00585	0.00585	0.00779	0.00974	0	0	0.00585	0.00195	0.0136	0	0	0.0039	0.0039	0.00585	0.0039	0.00585	0.00585	0.00974	0.00195	0.00195	0.00585	0.0039	0.0039	0.00585	0	0.00974	0.00585	0.0214	0.00195	0.00585	0.00974	0.00779	0.00585	0.0156	0.0039	0.00585	0.0156	0.0156	0.00585	0.00195	0.00585	0.0117	0.0136
Erysipelotrichia	0	0.00195	0.00195	0.0039	0	0.00195	0.00195	0	0	0.0039	0.00195	0.00195	0.00195	0	0.00195	0.0039	0.0136	0.00974	0	0	0	0	0.00195	0	0	0.0039	0	0	0	0	0.00585	0	0	0	0	0	0	0	0	0.00974	0	0	0.00195	0.00195	0.00195	0	0.00195	0.00195
Spirochaetia	0.00779	0.0156	0.00585	0.0175	0.0039	0.00195	0.00585	0	0	0.00974	0.0292	0.0156	0.0136	0.0156	0.0117	0.00974	0.00585	0.0136	0	0.0039	0.00195	0	0.00779	0.00195	0.00195	0.00195	0.0039	0.00779	0.00195	0.0117	0.00779	0	0.00195	0.00195	0.00195	0.00585	0	0.00195	0	0	0.00195	0	0	0.0039	0.00585	0	0	0.0039
Acidobacteria_Gp1	0.00195	0	0.00195	0.0039	0	0	0.0039	0	0	0.00585	0.00585	0.0039	0	0	0	0.00195	0.00195	0.00195	0	0.00195	0.0039	0.00585	0	0	0	0.00195	0	0.0292	0.0175	0.0156	0.0039	0	0	0.00195	0.00585	0.00195	0.00195	0	0	0	0.00195	0	0	0.0039	0	0.00779	0	0
Unassigned	0	0.0039	0.00195	0.0039	0	0	0.0039	0	0	0.00585	0.0039	0.00195	0.00779	0	0	0.00779	0	0.00195	0	0	0.00195	0	0	0	0.00195	0	0	0.0117	0.00779	0.0292	0	0.0039	0	0	0	0	0	0	0	0	0.0039	0	0	0.00779	0	0	0	0
Acidobacteria_Gp16	0.0175	0.00585	0.0039	0.00195	0.00974	0.0039	0.0117	0.00779	0.0039	0.00585	0.0039	0.00974	0.00585	0.0175	0.0117	0.0039	0.0136	0.00585	0	0	0	0	0.0136	0	0.0039	0.0117	0.0195	0.00195	0.0039	0.00585	0.00585	0.00195	0.00195	0.0039	0.00195	0.0039	0	0	0	0	0	0	0.0039	0.0039	0	0.00195	0.00585	0.00195
Oligoflexia	0.00974	0.0039	0.00585	0.0039	0	0.00585	0.0039	0	0.00195	0.00585	0.00974	0.00585	0.00585	0.00195	0.00195	0.0117	0.00779	0.00779	0	0.00195	0	0	0	0.0039	0	0	0	0.0039	0	0.0039	0	0	0	0	0	0.00195	0	0.00195	0	0	0	0	0.0039	0.0117	0.00195	0	0	0
Caldilineae	0.00974	0.00195	0.00195	0.00195	0.00195	0.00195	0.00195	0	0.00195	0.00779	0	0.0136	0.00779	0.0039	0	0.00585	0.00779	0.0039	0.00195	0.00195	0	0.00195	0	0	0.00195	0	0.00974	0	0.00195	0	0	0	0	0	0	0.00195	0	0	0	0	0	0.0039	0	0.00195	0	0	0	0
Acidobacteria_Gp17	0.0039	0.00195	0	0.0039	0.0039	0	0.00195	0.00195	0	0.0039	0.0039	0.0039	0.00974	0.0039	0.00195	0	0.00195	0.0039	0	0.00195	0.0039	0.00585	0	0.0117	0.00195	0	0.0039	0.0136	0.00585	0.0117	0.00585	0.00195	0.00195	0.00585	0.00585	0.00195	0	0	0.00585	0.00195	0.0039	0	0	0.0039	0.00195	0	0.00195	0.00974
Acidobacteria_Gp23	0.00585	0.00585	0.0117	0.0136	0.0039	0.00779	0.00974	0.00585	0.0039	0.00195	0.00779	0.0136	0.00779	0.00779	0.0117	0.0156	0.0117	0.00585	0.0136	0.0136	0.0214	0.0136	0.00974	0.00974	0.00585	0.00779	0.0136	0.0565	0.0409	0.0331	0.00779	0.0136	0.00974	0.0117	0.0156	0.0273	0.0195	0.0136	0.00779	0.0136	0.00974	0.00585	0.00779	0.0039	0.00974	0.0156	0.0039	0.0273
